165.0,356.0
163.79071432915524,355.9759777448689
162.6760993644141,355.45937734888133
161.6556344644048,354.4683316277098
160.72879898775554,353.0209733970268
159.89507229309447,351.1354354725051
159.15393373904982,348.82985066981706
158.5048626842498,346.1223518046354
157.9473384873225,343.03107169263257
157.48084050689624,339.57414314948124
157.10484810159915,335.7696989908538
156.8188406300594,331.63587203242304
156.62229745090525,327.1907950898613
156.51469792276484,322.4526009788413
156.49552140426636,317.4394225150356
156.56424725403804,312.1693925141166
156.72035483070803,306.660643791757
156.96332349290455,300.93130916362946
157.29263259925577,294.99952144540634
157.70776150838992,288.8834134527603
158.2081895789352,282.6011180013639
158.7933961695197,276.17076790688975
159.46286063877173,269.61049598501023
160.21606234531941,262.93843505139813
161.052480647791,256.17271792172596
161.97159490481465,249.33147741166616
162.9728844750185,242.43284633689143
164.05582871703086,235.4949575130742
165.2199069894798,228.53594375588727
166.46459865099357,221.5739378810029
167.7893830602004,214.6270727040939
169.19373957572844,207.71348104083262
170.67714755620588,200.85129570689182
172.2390863602609,194.05864951794388
173.87903534652176,187.35367528966157
175.5964295711038,180.75461761985085
177.38820882820215,174.28601704042265
179.24753611828208,167.98194352156344
181.16725994877464,161.87726054832234
183.14022882711083,156.00683160574843
185.15929126072172,150.40552017889087
187.21729575703833,145.10818975279867
189.30709082349168,140.149703812521
191.4215249675128,135.56492584310698
193.55344669653275,131.3887193296057
195.69570451798253,127.65594775706623
197.84114693929317,124.40147461053772
199.98262246789577,121.66016337506927
202.11297961122125,119.46687753571
204.22506742362427,117.85646896757775
206.3123372370323,116.85100457577445
208.36999333713314,116.43534008193198
210.39355717066994,116.5875986066943
212.37855018438577,117.28590327070538
214.3204938250238,118.50837719460917
216.2149095393271,120.23314349904967
218.0573187740388,122.43832530467085
219.84324297590203,125.10204573211666
221.5682035916599,128.2024279020311
223.22772206805558,131.7175949350581
224.81731985183205,135.62566995184164
226.3325183897326,139.90477607302574
227.76883912850022,144.53303641925433
229.12180351487808,149.48857411117137
230.38693299560924,154.74951226942085
231.5597490174369,160.29397401464672
232.63577302710414,166.10008246749294
233.61052647135406,172.14596074860356
234.47953079692982,178.40973197862246
235.23830745057452,184.86951927819368
235.88237787903125,191.50344576796113
236.40726352904318,198.28963456856883
236.80848584735335,205.20620880066065
237.08156628070495,212.2312915848807
237.2220262758411,219.34300604187294
237.22538727950487,226.5194752922812
237.0871707384394,233.73882245674955
236.80289809938773,240.979170655922
236.36809080909316,248.21864301044235
235.77827031429862,255.4353626409548
235.02895806174735,262.6074526681032
234.1156754981824,269.7130362125315
233.03394407034696,276.73023639488366
231.77928522498402,283.6371763358038
230.34722040883685,290.4119791559357
228.73329120066506,297.03278478027437
226.94092772477623,303.4843177641698
224.99339983303457,309.76786303795063
222.91704714373586,315.887267889874
220.73820927517588,321.846379608197
218.48322584565048,327.6490454811768
216.17843647345552,333.2991127970707
213.85018077688673,338.8004288441356
211.52479837424002,344.1568409106287
209.22862888381115,349.3721962848072
206.98801192389598,354.4503422549282
204.8292871127903,359.39512610924885
202.77879406878992,364.2103951360264
200.86287241019068,368.89999662351784
199.10786175528838,373.46777785998034
197.54010172237884,377.91758613367114
196.18593192975794,382.25326873284723
195.07169199572138,386.4786729457659
194.2237215385651,390.5976460606842
193.66836017658483,394.6140353658593
193.43194752807642,398.53168814954836
193.5408232113357,402.3544517000085
194.02132684465846,406.08617330549686
194.8997980463406,409.73070025427063
196.20257643467784,413.29187983458684
197.95478363040849,416.7732886301372
200.1550669542324,420.1726192112601
202.77642754517504,423.4818641873811
205.79081422081558,426.69278228550263
209.17017579873328,429.7971322326272
212.88646109650742,432.786672755757
216.9116189317172,435.6531625818947
221.21759812194185,438.3883604380426
225.7763474847606,440.9840250512032
230.5598158377527,443.43191514837883
235.53995199849737,445.72378945657204
240.68870478457382,447.8514067027851
245.97802301356134,449.80652561402053
251.37985550303918,451.58090491728075
256.86615107058645,453.16630333956823
262.4088585337825,454.5544796078853
267.9799267102065,455.73719244923444
273.55130441743773,456.7062005906181
279.0949404730555,457.4532627590386
284.5827836946389,457.97013768149844
289.9909058519439,458.2508718433118
295.3161467137526,458.30103555067444
300.5618706080513,458.1298194803108
305.7314442154449,457.74641561437403
310.82823421653814,457.16001593501767
315.8556072919355,456.3798124243949
320.81693012224173,455.41499706465913
325.71556938806157,454.27476183796375
330.55489176999964,452.9682987264621
335.33826394866065,451.5047997123074
340.0690526046493,449.89345677765306
344.7506244185702,448.1434619046525
349.38634607102813,446.2640070754589
353.97958424262765,444.26428427222584
358.5337056139735,442.1534854771064
363.05207686567036,439.9408026722541
367.538064678323,437.6354278398222
371.995035732536,435.24655296196414
376.42635670891394,432.7833700208331
380.83539428806165,430.2550709985826
385.2255151505838,427.6708478773658
389.60008597708503,425.03989263933624
393.96247344817004,422.3713972666471
398.31604424444356,419.67455374145175
402.66415304188837,416.9585269702493
407.0096367713221,414.2313141185253
411.3546286639706,411.499325202471
415.70121165422,408.7688567969818
420.0514686764566,406.046205476953
424.4074826650666,403.33766781727985
428.7713365544363,400.6495403928579
433.1451132789519,397.9881197785824
437.5308957729996,395.3597025493488
441.93076697096564,392.7705852800524
446.3468098072363,390.2270645455886
450.7811072161978,387.73543692085275
455.23574213223634,385.3019989807402
459.7127974897382,382.93304730014637
464.21435622308957,380.63487845396656
468.7425012666768,378.41378901709624
473.299315554886,376.27607556443064
477.8868820221034,374.2280346708652
482.50728360271535,372.2759629112953
487.162603231108,370.42615686061623
491.8549238416676,368.68491309372354
496.58632836878036,367.0585281855124
501.3588997468326,365.5532987108782
506.17472091021045,364.1755212447164
511.03587479330014,362.93149236192227
515.9444443304881,361.8275086373913
520.9025124561603,360.86986664601875
525.9121621047032,360.06486296270003
530.9754762105027,359.41879416233047
536.0945377079456,358.93795681980544
541.2714295314178,358.6286475100204
546.5082346153054,358.49716280787055
551.8070358939947,358.5497992882514
557.169916301872,358.79285352605825
562.5989587733236,359.2326220961865
568.0962462427358,359.8754015735315
573.6629142537513,360.72543332016363
579.2938684117023,361.77344384252984
584.9814978523866,363.00470056855283
590.7181846843789,364.4044556817184
596.4963110162539,365.95796136551184
602.3082589565863,367.65046980341896
608.1464106139509,369.4672331789251
614.0031480969225,371.39350367551594
619.8708535140757,373.414533476677
625.7419089739855,375.51557476589375
631.6086965852262,377.68187972665186
637.4635984563729,379.89870054243687
643.2989966960002,382.15128939673417
649.107273412683,384.42489847302954
654.8808107149957,386.70477995480826
660.6119907115134,388.97618602555616
666.2931955108106,391.22436886875863
671.916807221462,393.4345806679013
677.4752079520426,395.5920736064695
682.9607798111269,397.68209986794915
688.3659049072899,399.6899116358255
693.682965349106,401.6007610935842
698.9043432451504,403.39990042471084
704.0224207039971,405.0725818126909
709.0295798342216,406.6040574410099
713.9182027443983,407.9795794931535
718.6806715431019,409.18440015260717
723.3093683389072,410.2037716028565
727.7966752403888,411.022946027387
732.1349743561218,411.6271756096843
736.3166477946806,412.0017125332338
740.3340776646401,412.1318089815212
744.179646074575,412.002717138032
747.84573513306,411.59968918625174
751.3247269486698,410.9079773096659
754.6090036299793,409.91283369176017
757.6909472855631,408.59951051602
760.5629400239959,406.9532599659309
763.2173639538527,404.9593342249786	
765.646601183708,402.6029854766484
767.8432361130971,399.86982302216194
769.8078715266237,396.7596115531354
771.5516165434335,393.2906632948597
773.0862915828665,389.48254617833817
774.4237170642624,385.3548281345736
775.575713406961,380.9270770945691
776.5541010303019,376.2188609893277
777.370700353625,371.2497477498526
778.0373317962705,366.0393053071466
778.5658157775773,360.6071015922129
778.9679727168858,354.9727045360546
779.2556230335355,349.1556820696746
779.4405871468663,343.175602124076
779.5346854762179,337.05203263026186
779.5497384409301,330.8045415192352
779.4975664603427,324.4526967219992
779.3899899537955,318.0160661695567
779.2388293406283,311.51421779291087
779.0559050401806,304.96671952306474
778.8530374717925,298.3931392910214
778.6420470548036,291.8130450277837
778.4347542085537,285.2460046643549
778.2429793523826,278.7115861317381
778.0785429056301,272.2293573609361
777.9532652876359,265.81888628295206
777.8789669177397,259.4997408287891
777.8674682152814,253.29148892945014
777.9305895996008,247.21369851593838
778.0801514900377,241.28593751925672
778.3279743059317,235.52777387040825
778.6858784666227,229.95877550039606
779.1656843914503,224.59851034022316
779.7792124997545,219.46654632089258
780.538283210875,214.58245137340742
781.4547169441515,209.96579342877067
782.5403341189237,205.63614041798542
783.8069551545318,201.61306027205472
785.266400470315,197.91612092198153
786.9304904856134,194.56489029876903
788.8110456197669,191.57893633342016
790.9198862921146,188.97782695693797
793.2688329219973,186.7811301003256
795.8697059287539,185.00841369458607
798.7343257317245,183.6792456707223
801.8743835154385,182.8130686079754
805.2885951749435,182.41673965760103
808.9517949114075,182.47395183729864
812.8362485170172,182.96590692737968
816.9142217839587,183.8738067081555
821.1579805044188,185.17885295993764
825.5397904705834,186.8622474630374
830.0319174746393,188.90519199776628
834.6066273087729,191.28888834443563
839.2361857651701,193.99453828335695
843.892858636018,197.00334359484162
848.5489117135025,200.29650605920105
853.1766107898102,203.85522745674672
857.7482216571275,207.66070956778992
862.2360101076406,211.69415417264221
866.6122419335362,215.93676305161492
870.8491829270004,220.36973798501955
874.9190988802197,224.97428075316748
878.7942555853807,229.73159313637004
882.4469289926658,234.62287953746048
885.8566087938693,239.6312067535137
889.0226586840914,244.7447725152193
891.9478355014755,249.9526505716224
894.6348960841647,255.24391467176818
897.0865972703019,260.6076385647019
899.3056958980303,266.03289599946874
901.2949488054933,271.50876072511386
903.0571128308337,277.02430649068253
904.5949448121949,282.5686070452199
905.9112015877199,288.1307361377712
907.0086399955519,293.6997675173815
907.8900168738343,299.26477493309613
908.5580890607098,304.81483213396035
909.0156133943217,310.33901286901926
909.2653467128132,315.826390887318
909.3100458543274,321.2660399379019
909.1524676570077,326.647033769816
908.7953689589967,331.9584461321057
908.2415065984381,337.18935077381605
907.4936374134749,342.3288214439922
906.5545182422502,347.36593189167957
905.4269059229068,352.28975586592315
904.1135572935883,357.08936711576825
902.6172291924378,361.75383939026005
900.9406784575983,366.27224643844363
899.086661927213,370.63366200936446
897.057936439425,374.82715985206744
894.8572588323776,378.84181371559794
892.4873859442137,382.66669734900114
889.9510746130767,386.29088450132224
887.2510816771094,389.7034489216063
884.3902213826979,392.89522156304105
881.3716092152919,395.86625398039746
878.1984591267301,398.61961167799006
874.8739851244954,401.15836186333945
871.4014012160707,403.48557174396626
867.7839214089388,405.6043085273913
864.0247597105827,407.517639421135
860.1271301284851,409.22863163271813
856.0942466701289,410.7403523696613
851.929323342997,412.0558688394852
847.635574154572,413.17824824971035
843.2162131123372,414.1105578078575
838.6744542237752,414.8558647214473
834.0135114963689,415.4172361980004
829.2365989376011,415.7977394450374
824.3469305549547,416.00044167007894
819.3477203559125,416.0284100806457
814.2421823479576,415.8847118842583
809.0335305385726,415.57241428843747
803.7249789352403,415.0945845007037
798.3197415454439,414.45428972857775
792.821032376666,413.6545971795802
787.2320654363893,412.69857406123185
781.556054732097,411.5892875810532
775.7962142712718,410.3298049465649
769.9557580613968,408.9231933652876
764.0379001099543,407.372520044742
758.0458544244276,405.6808521924487
751.9828350122996,403.85125701592835
745.8520558810528,401.88680172270165
739.6567310381703,399.79055352028917
733.4000744911349,397.5655796162116
727.0853002474296,395.21494721798956
720.715622314537,392.7417235331438
714.2942546999401,390.14897576919475
707.8244114111218,387.43977113366327
701.3093064555649,384.6171768340698
694.7521538407522,381.68426007793533
688.1561675741666,378.6440880727801
681.5245616632909,375.4997280261249
674.8605501156084,372.2542471454905
668.1673469386012,368.9107126383976
661.4481661397527,365.4721917123665
654.7062217265456,361.94175157491804
647.9447277064627,358.32245943357304
641.166898086987,354.61738249585187
634.3759468756012,350.82958796927534
627.5750880797883,346.9621430613639
620.767535707031,343.0181149796386
613.9565037648123,339.0005709316196
607.1452062606148,334.9125781248278
600.3368572019217,330.75720376678396
593.534670596216,326.5375150650085
586.7418604509799,322.25657922702214
579.9616407736967,317.91746346034546
573.1972255718493,313.5232349724994
566.4518288529204,309.07696097100415
559.7286646243928,304.5817086633807
553.0309468937495,300.04054525714963
546.3618896684733,295.4565379598316
539.7247069560472,290.83275397894704
533.1226127639537,286.1722605220168
526.558821099676,281.4781247965616
520.0365459706969,276.7534140101018
513.5590013844992,272.00119537015826
507.12940134856564,267.2245360842516
500.75095987037923,262.4265033599026
494.42689095742276,257.61016440463163
488.1604086171793,252.77858642595942
481.9547268571313,247.93483663140668
475.8130596847619,243.08198222849393
469.73862110755397,238.2230904247421
463.73462513299023,233.3612284276716
457.8042857685536,228.4994634448031
451.95081702172695,223.6408626836574
446.17743289999305,218.7884933517548
440.487347410835,213.94542265661624
434.8837745617353,209.11471780576233
429.3699283601771,204.29944600671365
423.94902281364324,199.50267446699104
418.6242719296164,194.72747039411485
413.39888971557946,189.97690099560572
408.2760901790154,185.25403347898458
403.25908732740703,180.56193505177197
398.35109516823724,175.90367292148858
393.5553277089887,171.28231429565471
388.8749989571445,166.7009263817913
384.31332292018743,162.16257638741916
379.87351360560035,157.6703315200586
375.558785020866,153.22725898723047
371.37235117346734,148.83642599645526
367.31742607088717,144.50089975525378
363.3972237206086,140.22374747114668
359.61495813011413,136.0080363516543
355.9738433068867,131.85683360429766
352.4770932584094,127.7732064365972
349.12792199216483,123.76022205607376
345.92954351563606,119.82094767024779
342.88517183630574,115.95845048664
339.9980209616567,112.17579771277093
337.27130489917204,108.47605655616144
334.7082376563344,104.86229422433223
332.31203324062676,101.33757792480344
330.08590565953193,97.90497486509605
328.03306892053274,94.56755225273093
326.15673703111224,91.3283772952285
324.4601239987529,88.1905172001093
322.9464438309378,85.15703917489407
321.61891053515035,82.23101042710391
320.4807381188724,79.41549816425879
319.5351405895873,76.71356959387947
318.7853319547779,74.1282919234867
318.234526221927,71.66273236060101
317.8859373985174,69.3199581127434
317.74277949203224,67.10303638743426
317.808266509954,65.01503439219425
318.0856124597659,63.059019334544246
318.57803134895073,61.238058422004656
319.2887371849911,59.555218862096126
320.22094397537,58.0135678623393
321.3778657275701,56.61617263025482
322.76271644907456,55.366100373363224
324.37871014736606,54.266418299185375
326.22906082992745,53.32019361524203
328.3169825042421,52.5304935290535
330.64568917779195,51.90038524814065
333.2183948580607,51.43293598002424
336.0383135525308,51.1312129322248
339.108659168253,50.99828320028362
342.4298302343709,51.034074822741104
345.99205560871377,51.2271769774181
349.7832686882555,51.56361947614311
353.7914028699698,52.029432130744674
358.00439155083075,52.61064475305132
362.4101681278121,53.29328715489154
366.9966659978877,54.063389148093876
371.75181855803146,54.90698054448685
376.6635592052173,55.810091155898974
381.71982133641905,56.75875079415877
386.90853834861065,57.738989271094766
392.2176436387659,58.73683639853547
397.6350706038586,59.73832198830942
403.1487526408628,60.72947585224513
408.74662314675226,61.69632780217112
414.416615518501,62.624907649915905
420.14666315308267,63.50124520730801
425.9246994474713,64.31137028617596
431.7386577986407,65.04131269834829
437.57647160356487,65.6771022556535
443.4261481896067,66.20508841003841
449.2783352613941,66.62303635884402
455.12698109612546,66.94298141778951
460.96624200543545,67.17785834533194
466.7902743009588,67.34060189992846
472.5932342943303,67.44414684003615
478.3692782971844,67.5014279241121
484.11256262115603,67.52537991061342
489.8172435778798,67.52893755799724
495.4774774789904,67.52503562472062
501.0874206361225,67.52660886924066
506.64122936091076,67.5465920500145
512.13305996499,67.5979199254992
517.5570687599948,67.6935272541519
522.9074120575599,67.84634879442966
528.1782461693199,68.0693193047896
533.3637274069094,68.37537354368884
538.4580120819636,68.77744626958443
543.4552565061166,69.28847224093352
548.3496169910036,69.92138621619321
553.1352498482587,70.68912295382056
557.8063113895172,71.60461721227271
562.3569579264132,72.68080375000673
566.781345770582,73.93061732547976
571.0736312336578,75.36699269714886
575.2279706272756,77.00286462347115
579.2385202630697,78.85116786290374
583.0994364526754,80.92483717390371
586.8048755077269,83.23680731492817
590.3489937398592,85.80001304443422
593.7259474607067,88.627389120879
596.9298929819042,91.73187030271953
599.9549966643991,95.12619848294243
602.7960788315038,98.81056476997637
605.4490039165904,102.76512180960101
607.909729826883,106.96822830617138
610.1742144696059,111.39824296404248
612.2384157519832,116.03352448756937
614.098291581239,120.85243158110703
615.7497998645974,125.83332294901054
617.1888985092826,130.95455729563488
618.4115454225189,136.1944933253351
619.4136985115302,141.5314897424662
620.1913156835408,146.94390525138323
620.7403548457748,152.41009855644126
621.0567739054563,157.90842836199522
621.1365307698097,163.41725337240015
620.9755833460588,168.91493229201117
620.5698895414279,174.37982382518322
619.9154072631411,179.79028667627136
619.0080944184227,185.12467954963063
617.8439089144965,190.361361149616
616.4188086585872,195.47869018058253
614.7287515579185,200.45502534688524
612.7696955197147,205.2687253528792
610.5376138270901,209.8981791814037
608.0318506981138,214.32841392209002
605.2593267321051,218.55937621315616
602.227996300614,222.59304841601025
598.9458137751894,226.4314128920604
595.4207335273811,230.07645200271463
591.6607099287381,233.5301481093811
587.67369735081,236.79448357346791
583.4676501651463,239.8714407563831
579.0505227432961,242.7630020195348
574.4302694568092,245.47114972433116
569.6148446772346,247.9978662321802
564.612202776122,250.34513390448996
559.4302981250207,252.51493510266872
554.0770850954799,254.50925218812438
548.5605180590493,256.3300675222651
542.8885513872782,257.9793634664991
537.069139451716,259.45912238223434
531.110236623912,260.7713266308789
525.0197972754157,261.9179585738409
518.8057757777765,262.9010005725285
512.4761265025438,263.7224349883498
506.0388038212669,264.3842441827128
499.50176210549535,264.88841051702565
492.87295572677846,265.2369163526964
486.16033905666563,265.43174405113325
479.3718664667063,265.47487597374425
472.51549232844985,265.3682944819374
465.5991710134455,265.11398193712085
458.630856893243,264.7139207007029
451.6185043393915,264.1700931340913
444.57006772344056,263.48448159869434
437.49350141693947,262.65906845592
430.3967597914375,261.69583606717663
423.2877972184843,260.5967667938721
416.1745680696292,259.3638429974145
409.0650267164216,257.99904703921203
401.9671275304107,256.50436128067275
394.88882488314607,254.88176808320475
387.8380731461773,253.13324980821605
380.8228266910535,251.26078881711484
373.85103988932417,249.26636747130922
366.9306671125387,247.1519681322073
360.06966273224646,244.91957316121713
353.27598111999686,242.5711649197467
346.5575766473394,240.10872576920426
339.92240368582327,237.53423807099793
333.37841660699814,234.8496841865357
326.9335697824132,232.0570464772257
320.5958175836179,229.15830730447595
314.37311438216176,226.15544902969475
308.273414549594,223.05045401429004
302.3046724574641,219.84530461966986
296.4748424773215,216.54198320724242
290.7918789807154,213.14247213841585
285.2637363391955,209.64875377459816
279.89836892431106,206.06281047719736
274.70373110761136,202.38662460762168
269.68777726064604,198.62217852727935
264.85846175496425,194.7714545975781
260.22373896211565,190.83643517992635
255.79156325364943,186.81910263573198
251.56988900111514,182.7214393264033
247.56667057606194,178.54542761334812
243.78986235003936,174.2930498579749
240.2474186945969,169.96628842169133
236.9472939812839,165.56712566590582
233.8974425816499,161.09754395202634
231.1058188672439,156.55952564146088
228.5803772096158,151.95505309561787
226.32907198031438,147.2861086759051
224.35985755088973,142.55467474373074
222.68068829289075,137.76273366050293
221.2995185778671,132.91226778762973
220.22430277736788,128.00525948651915
219.46299526294297,123.04369111857949
219.02355040614145,118.02954504521867
218.91392257851294,112.96480362784493
219.1420661516063,107.85144922786608
219.71593549697133,102.69146420669068
220.64348498615766,97.48683092572657
221.9326689907142,92.2395317463816
223.5820489108485,86.95990195314093
225.54711714115905,81.69657696765876
227.7710292386964,76.50916303767788
230.19693974577507,71.45726731331932
232.76800320470943,66.600496944704
235.427374157814,61.99845908195299
238.11820714740315,57.71076087518724
240.78365671579135,53.79700947452773
243.36687740529302,50.316812030095456
245.81102375822266,47.329775692011424
248.06042372905725,44.89406890207483
250.08858778370825,43.03207973147728
251.89948249582577,41.72885433775799
253.49850271619678,40.96768768286746
254.8910432956083,40.73187472875622
256.0824990848474,41.004710437374804
257.078264934701,41.769489770673744
257.8837356959562,43.00950769060355
258.5043062193999,44.70805915911476
258.945371355819,46.84843913815791
259.21232595600077,49.41394258968351
259.31056487073215,52.38786447564209
259.2454829508,55.75349975798418
259.0224750469915,59.49414339866033
258.6469360100934,63.59309035962101
258.1242606908929,68.0336356028168
257.4598439401771,72.79907409019823
256.6590806087328,77.87270078371576
255.7273655473471,83.23781064531997
254.67009360680692,88.8776986369614
253.4926596378994,94.77565972059054
252.20045849141147,100.91498885815793
250.7988850181301,107.27898101161412
249.29333406884237,113.85093114290962
247.68920049433518,120.6141342139949
245.99187914539567,127.55188518682063
244.20676487281074,134.6474790233372
242.33925252736748,141.88421068549513
240.39473695985274,149.2453751352451
238.37861302105372,156.71426733453745
236.2962755617573,164.2741822453229
234.15311943275054,171.90841482955173
231.9545394848204,179.60026004917475
229.70593056875393,187.3330128661422
227.41268753533802,195.0899682424049
225.08020523535987,202.8544211399132
222.7138785196063,210.60966652061762
220.31910223886447,218.33899934646874
217.9012712439212,226.02571457941698
215.46578038556368,233.65310718141302
213.01802451457885,241.2044721144073
210.5633984817537,248.66310434035043
208.1072971378752,256.01229882119287
205.65511533373035,263.2353505188851
203.21224792010622,270.3155543953778
200.78408974778984,277.23620541262136
198.37603566756815,283.9805985325662
195.9934805302281,290.53202871716314
193.6418191865568,296.87379092836255
191.32644648734123,302.9891801281149
189.05275728336835,308.8614912783709
186.82614642542518,314.4740193410809
184.6520087642988,319.8100592781955
182.5357391507761,324.85290605166523
180.4827324356441,329.5858546234405
178.49838346968988,333.99219995547196
176.58808710370047,338.0552370097102
174.7572381884627,341.7582607481055
173.01123157476374,345.08456613260876
171.35546211339056,348.0174481251702
169.79532465513012,350.5402016877405
168.33621405076946,352.6361217822699
166.9835251510955,354.2885033707098
165.74265280689536,355.48064141500925